function GammaVsCf = empModel_GammaVsCf()
    
    
    %--***NOTICE!!! this is Cf=f(Vpeak)***
    GammaVsCf = struct;
    GammaVsCf.form = 'pp';
    GammaVsCf.breaks = [45.3812019363147,288.059372809596,530.737543682878,773.415714556159,1016.09388542944,1258.77205630272];
    GammaVsCf.coefs = [1.20891259083887e-08,1.42964937450647e-20,-0.0130534338163792,9.33148576633476;9.35607938753286e-09,8.80130088871353e-06,-0.0109175502154008,6.33647976598831;-2.14452052959212e-08,1.56128495856485e-05,-0.00499276883485752,4.33907779387698;3.40696205500877e-09,-2.23382714766636e-21,-0.00120387105529267,3.74043030728772;-3.40696205500868e-09,2.48038595923256e-06,-0.000601935527646332,3.49696928589963];
    GammaVsCf.pieces = 5;
    GammaVsCf.order = 4;
    GammaVsCf.dim=1;
    
end