function VresVsCf = empModel_VresVsCf_confdnc()
    
    
    %--***NOTICE!!! this is Vres=f(Cf)***
    VresVsCf = struct;
    VresVsCf.form = 'pp';
    VresVsCf.breaks= [124.774244592967,273.173974049809,421.573703506651,569.973432963493,718.373162420335,866.772891877176,1015.17262133402,1163.57235079086];
    VresVsCf.coefs = [1.75996169183032e-10,-7.02031783362293e-08,8.94717070729781e-06,0.000100312869157996;-5.73478583861482e-11,8.15017334037824e-09,-2.61478446070554e-07,0.000457200877188845;1.23113426061869e-10,-1.73810466679228e-08,-1.63133755052854e-06,0.000410464315355760;-1.81007840821643e-11,3.74289506923360e-08,1.34376598287111e-06,0.000187951201539119;-3.10608446550505e-10,2.93704963100862e-08,1.12567858458972e-05,0.00115248830074878;3.87119375498299e-10,-1.08912131995228e-07,-5.47171370332569e-07,0.00245469464198129;2.19450885493551e-10,6.34330997791190e-08,-7.29624744716219e-06,0.00124013579860884];
    VresVsCf.pieces = 7;
    VresVsCf.order = 4;
    VresVsCf.dim=1;
    
end