function CfVsVpeak = empModel_CfVsVpeak_2()
    
    
    %--***NOTICE!!! this is Cf=f(Vpeak)***
    CfVsVpeak = struct;
    CfVsVpeak.form = 'pp';
    CfVsVpeak.breaks = [0.0228179453753522,0.273034518928287,0.523251092481222,0.773467666034157,1.02368423958709,1.27390081314003];
    CfVsVpeak.coefs = [-6417.92558646690,1.99915648620808e-11,3714.40567753847,0;2947.90852169546,-4817.61404869035,2508.95879757470,828.864932117708;3470.01706477139,-2604.76734035195,651.755958805463,1201.20609942760;-1.04677370188553e-11,-2.02496515166986e-12,2.97946240143378e-12,1255.56614702927;3.03874668211011e-20,-1.29309537747006e-20,1.33303028383420e-21,1255.56614702927];
    CfVsVpeak.pieces = 5;
    CfVsVpeak.order = 4;
    CfVsVpeak.dim=1;
    
end