function Colors = My_colorMap2()
    
   Colors = [51,89,65;...
       201,77,68;...
       229,156,78;...
       88,113,183;...
       58,31,147]./255;
    
end